3269332771279895163
3266664623829737630
3258400897330190648
3238148248144093049
3234072373169570728
3207319432857911485
3197553484134970830
3189768868980362980
3187047774943622645
3184769170171426026
3174538326328597342
3170882055878176320
3167765267894551220
3164582093039728319
3161626669906509566
3159475355265570051
3157095489266570937
3153672971460522028
3151811298684835649
3151386083240913212
3151385662191312957
3150309204673028195
3149819207424058539
3147570077116550413
3146298274251482900
3146039281582883568
3144769213155576485
3144769791810227047
3144217283156390265
3143827931418869855
3143828081407234984
3142680734732217970
3142482321872837597
3141865935371570473
3141798982484536152
3141804204384781917
3140951151704133597
3140614825339444662